189956240799841421485518223742853761930296390
test
762230005976300389780999995296703506174288708
27703841386793047125861619008175544974422345
1187830694247081311505125401247380876400479642
271926502937813920041110612372178599324606059
551655814438126279419859164974887936686455886
282658395237193401290581363039144726952934124
906880295613124379042815751042880404878600675
1092499073356600055373307355309795465887214733
835711644013657524465061677274689734887242196
132449092512417745651729217811970056550490334
360126209908567000631678337191459274695198345
1059315863014896840506796801151177409435998136
30663253191438914923891203566191913756297950
1275720423728124747282908012017234817679382507
685046412409558194633487081673906133486982774
793300332778168140246707164267955053934771113
1410468524404885185675876564064631355424968937
717687874745945384322468172616511873359792555
1051807101208682786364390961520039955085762232
341222441333354555727779962790630610416611974
418757123556325430113178725679789130295129344
221815783570261083527978159861303243397575928
301527068600721999557026016737471292756866760
1112572923079050774251938871096767162583344174
416624743901843197716159567122343173303353265
809539410991347254180015502281173478991511883
1275797656077254227801749955214573886057168776
543733323691668078938900420070126565116518280
720885193400443359167081602560644502737827130
1380643103173771480285129532878592494131204344
951586969580261570509648721655866270459849905
975735309758545145037923539011964717723966135
1412282973130835047009718097425922785586132871
526519543445097109858780556777763494138433429
656461401414502777347042315945344673523512594
464203416636906984406772231485990961193046057
307084721330850355785361782220141081721375099
810900922529709316880259079514971628444744990
501708607785312146473613524747952222225682812
278478714782393095458779257603964281959233991
1367126803061524539098694808901925640973740992
874682033516837537796135503301784200615566902
1010318090637640638113004264192529064082317800
1392654566009077455982287480430505920934431661
944892169579762619785284275033696202169319965
1169640557045071832363277574335877166756006344
237614821537331563994004737736100254667748170
1213760801565146510040491806118212222275554549
67009905695863340445320446799204264069787508
1380251060636266168771509425424065941713872034
106535150092657891453841030092269535590555845
204361270173411301928370219603087712618028460
891859417737251679479808838554597241601318922
